16 91
8 10 19 753
1 2 776 701
9 11 424 649
11 16 601 17
15 16 244 910
9 15 910 627
1 10 610 284
4 13 707 472
9 16 479 346
2 6 544 29
2 10 950 283
5 6 620 491
6 8 73 348
2 3 522 498
5 10 387 670
8 16 470 305
3 14 177 675
9 14 716 243
11 15 947 707
1 14 199 599
3 5 137 176
5 7 92 555
11 12 849 530
5 13 53 223
8 9 845 948
14 16 18 459
8 15 534 870
12 16 568 878
7 12 277 781
1 11 9 229
1 9 465 335
10 13 837 422
3 7 330 878
1 16 627 517
3 10 584 485
10 14 992 266
2 14 454 522
13 15 788 948
5 11 724 562
9 12 755 831
7 11 861 998
2 13 169 548
3 11 427 269
5 9 963 625
2 8 384 271
4 16 198 604
1 3 360 122
4 8 368 457
3 15 746 389
5 12 188 882
4 15 337 568
7 15 772 106
4 9 816 800
6 15 2 584
4 10 421 927
1 15 622 306
8 14 695 888
12 15 705 76
5 16 757 112
6 11 904 124
11 13 890 438
2 12 894 829
3 6 67 276
3 4 281 228
1 12 250 859
4 7 193 792
2 9 515 186
6 7 715 583
6 9 134 381
5 14 103 454
13 14 624 825
6 14 77 773
6 10 826 26
1 13 208 731
8 11 781 640
2 16 71 712
2 7 232 183
2 11 534 940
1 7 457 586
4 5 146 233
1 8 418 398
2 15 442 102
1 4 358 634
13 16 903 289
10 12 211 552
7 8 439 227
9 10 842 78
5 8 532 916
11 14 768 880
4 11 589 203
2 5 605 894
