16 82
1 9 972 311
4 13 755 566
1 8 246 477
8 10 504 596
15 16 224 841
3 7 594 765
6 13 271 100
2 8 320 629
10 16 556 964
8 15 622 925
5 11 83 814
5 16 48 769
1 2 974 462
3 4 761 253
5 14 715 406
3 12 491 695
11 15 692 578
9 11 785 326
13 16 168 836
12 14 980 450
3 11 334 544
5 9 597 361
8 16 99 888
13 14 588 534
5 15 775 522
7 12 184 79
7 16 749 727
10 11 874 705
1 14 140 535
2 5 682 755
3 6 868 349
2 11 950 553
4 11 493 10
3 5 353 42
1 15 230 908
5 8 104 328
4 10 582 31
9 14 668 595
3 16 509 137
1 13 284 809
4 8 571 291
1 10 833 977
14 15 249 27
1 16 95 396
5 10 305 888
2 14 440 66
3 13 560 614
8 9 433 698
3 10 338 497
1 7 438 609
4 16 233 954
11 16 890 782
10 12 583 456
13 15 43 652
7 13 310 887
7 11 980 378
6 10 642 619
9 12 347 111
2 13 575 106
1 4 109 7
7 15 731 355
9 16 460 2
8 11 400 980
7 10 279 906
12 13 83 406
2 15 684 769
2 10 532 276
5 13 967 735
6 9 675 912
4 6 684 934
8 12 128 380
2 7 11 60
3 9 527 171
11 12 226 744
1 3 863 189
2 6 950 656
5 7 534 866
1 6 371 602
6 15 20 864
4 14 55 124
4 9 921 281
11 14 24 223
