16 75
4 10 666 749
1 2 495 202
2 16 894 988
3 9 82 73
12 15 459 128
3 11 212 349
5 14 998 104
4 14 516 731
3 13 435 493
1 10 805 322
7 12 839 575
4 6 352 561
10 16 329 681
1 14 121 916
4 13 461 876
7 16 790 400
8 9 887 386
3 14 294 646
3 5 480 896
1 11 778 423
14 15 129 911
4 5 597 466
11 15 167 619
10 15 112 874
9 16 970 281
3 16 787 359
8 10 275 78
9 11 25 286
5 6 873 920
6 10 69 458
9 13 813 619
4 8 660 923
5 8 401 478
11 13 997 593
4 7 539 525
8 12 559 652
5 10 761 448
3 15 393 945
6 11 374 200
4 15 544 103
8 16 631 265
1 8 778 359
2 8 157 683
1 16 351 271
12 13 225 11
5 11 922 933
2 5 23 167
7 8 246 698
5 12 703 702
8 14 818 134
2 4 264 669
1 15 727 236
7 10 72 471
1 9 470 888
4 11 889 77
4 12 201 198
7 14 157 310
3 7 305 860
1 3 996 913
1 13 463 71
15 16 334 542
11 16 934 992
5 7 703 965
5 15 697 35
9 15 283 363
13 16 521 42
7 13 614 936
2 7 416 312
10 12 768 233
3 12 876 246
2 13 825 316
3 6 576 567
2 11 307 388
6 14 373 891
5 16 987 618
