16 63
1 15 646 250
1 9 729 863
2 5 275 624
3 4 849 683
6 13 390 851
4 16 432 122
1 12 215 480
14 15 944 203
12 15 8 468
2 12 711 263
1 8 309 160
4 6 316 38
3 7 321 880
7 9 523 50
1 16 861 318
12 13 254 828
13 16 154 457
5 8 468 502
5 6 799 123
11 12 677 612
8 15 181 550
8 13 43 269
4 10 686 689
2 9 464 654
3 13 237 11
6 14 405 904
9 10 930 358
5 11 839 715
3 15 57 410
5 10 898 818
2 14 397 52
15 16 963 630
2 15 216 831
5 13 693 128
9 15 16 641
1 10 184 671
3 6 996 800
5 9 333 232
1 14 90 26
11 14 437 791
12 14 916 809
3 8 572 535
2 16 718 744
4 9 614 669
5 15 729 978
2 10 931 370
3 14 260 358
5 14 941 241
8 10 16 260
9 13 393 411
7 12 202 247
4 7 590 509
6 10 449 796
6 11 32 398
7 16 698 405
11 15 700 417
4 12 546 92
9 11 9 209
8 16 841 442
3 9 871 812
4 15 510 585
8 11 65 449
1 3 398 706
