16 60
11 12 592 17
8 9 489 50
2 14 649 453
6 9 749 840
3 15 15 23
2 13 655 560
2 9 429 803
1 5 843 686
10 13 884 241
14 15 327 2
4 6 94 212
5 9 429 87
1 7 524 167
5 7 488 996
10 16 781 754
2 7 852 271
11 14 390 688
5 8 901 33
15 16 611 27
12 16 988 117
9 12 738 500
7 13 900 283
13 15 992 166
1 9 348 73
14 16 355 326
6 14 402 29
2 10 75 114
5 6 185 12
3 12 855 569
11 15 195 983
6 12 214 511
7 16 646 881
4 14 741 134
11 16 786 530
10 12 915 845
4 5 770 384
12 15 884 549
12 14 971 377
1 3 726 682
7 8 112 69
3 10 806 295
8 10 350 152
7 15 271 583
8 16 314 323
9 15 437 715
4 8 602 483
9 14 582 710
3 8 416 479
3 7 573 114
7 14 427 690
5 10 316 850
6 13 708 970
10 14 266 893
2 4 97 415
9 13 972 844
4 9 253 673
5 16 428 348
7 10 324 547
1 2 549 503
8 12 385 803
