16 66
10 13 656 919
3 11 377 293
2 15 71 487
7 10 972 174
11 14 471 433
1 7 217 721
6 10 185 762
9 16 245 752
1 13 441 346
10 12 312 207
2 8 963 909
1 14 336 456
1 5 405 887
9 10 785 299
12 15 542 739
10 16 887 413
5 15 704 950
6 13 99 488
3 14 169 605
3 4 1000 197
4 14 320 54
4 6 862 500
7 15 563 362
3 13 263 817
8 15 344 634
1 9 570 777
1 15 472 97
5 16 848 66
3 12 6 982
6 7 943 161
6 15 886 533
11 15 190 747
6 8 548 2
8 10 138 541
13 16 74 653
7 8 5 864
2 13 936 1000
1 16 297 856
4 11 122 337
7 11 634 503
11 12 507 78
10 11 297 744
2 9 439 650
6 12 248 165
3 7 493 369
3 9 841 128
8 14 863 962
2 4 954 41
8 12 259 653
8 9 443 96
4 9 131 958
5 14 907 518
4 16 693 117
15 16 937 187
6 9 148 197
8 11 950 899
5 9 297 948
7 9 812 987
5 7 774 899
2 16 80 203
7 12 1000 875
2 3 739 982
5 6 646 508
1 4 679 183
2 11 870 840
4 15 288 319
