16 114
2 7 865 559
4 15 247 705
5 15 517 911
8 10 44 775
10 16 92 341
2 11 924 216
4 5 272 974
6 8 775 110
11 12 706 392
1 9 75 420
1 3 372 205
3 16 758 237
6 9 579 390
7 15 153 281
7 9 200 916
2 5 972 546
6 16 803 879
5 11 80 528
12 14 906 311
2 12 564 857
7 12 155 27
4 12 14 260
3 9 27 137
2 4 421 662
7 14 482 886
5 7 713 750
12 15 687 874
7 16 692 587
4 13 353 69
8 14 130 441
7 8 768 552
11 14 372 942
5 12 831 584
4 7 631 240
9 15 430 769
3 14 455 981
6 10 710 600
10 12 156 553
5 9 243 849
9 10 830 11
8 16 713 180
9 14 280 986
5 10 397 332
2 15 901 728
8 11 661 459
4 16 811 742
10 13 797 227
2 16 727 268
1 5 502 982
7 11 358 312
2 13 301 241
6 13 440 757
5 13 890 702
13 15 763 935
11 13 88 987
11 15 231 478
1 15 1 667
2 6 101 892
9 16 179 934
3 11 193 329
4 14 819 845
8 12 246 900
12 16 745 780
3 12 874 919
1 11 39 195
1 2 750 878
13 14 294 606
6 15 289 723
1 13 520 464
15 16 257 772
1 6 379 880
9 12 457 51
11 16 182 614
1 10 698 202
5 8 652 130
6 11 704 725
6 14 50 326
13 16 987 615
3 6 549 629
6 7 893 866
3 5 550 20
1 4 756 839
9 11 285 98
10 15 970 838
5 14 532 46
3 15 841 688
3 4 838 500
3 8 345 288
10 14 536 180
10 11 442 327
2 3 659 99
2 8 548 402
4 9 577 211
5 16 767 791
8 15 938 4
3 13 162 972
3 7 898 928
5 6 809 644
1 7 862 526
14 15 628 207
3 10 242 489
9 13 405 923
2 10 914 248
1 16 202 79
12 13 229 114
4 8 922 731
8 9 338 585
1 14 144 236
8 13 183 93
6 12 254 453
7 13 958 209
4 6 841 69
14 16 748 648
2 14 664 242
