16 109
2 5 604 557
8 11 486 706
7 12 373 755
1 12 269 632
14 16 245 759
1 11 524 622
8 15 420 526
10 15 92 907
4 16 221 163
7 10 813 197
6 9 767 51
12 13 645 2
4 8 729 660
10 14 708 457
7 9 242 60
1 6 691 705
1 13 398 566
9 16 213 924
2 15 452 305
2 13 928 657
1 9 680 31
2 4 415 475
1 7 198 900
6 15 816 728
12 14 865 615
5 9 644 505
2 3 119 701
6 13 384 777
4 13 785 178
6 10 721 291
15 16 404 892
1 16 208 241
8 16 512 229
3 13 184 767
1 14 806 650
6 16 347 602
2 7 550 958
4 14 414 169
9 15 881 380
5 14 815 943
10 13 402 602
2 6 281 701
9 10 96 814
3 9 893 775
5 12 630 6
3 15 374 844
13 15 537 234
9 12 483 764
10 12 435 668
3 8 991 494
7 11 455 102
1 2 469 628
5 10 416 421
5 11 64 766
13 16 504 43
4 10 622 400
11 12 644 374
2 9 127 926
2 11 121 20
5 6 166 757
3 14 657 125
2 10 386 645
6 14 33 51
5 15 700 763
4 9 664 330
7 14 570 329
3 12 34 56
1 4 42 988
6 7 152 688
1 5 336 653
2 12 879 203
2 8 300 767
3 4 1 360
1 10 19 146
3 5 441 953
2 14 41 46
6 8 259 236
11 14 709 855
7 13 285 182
11 15 302 902
12 15 506 195
6 11 209 563
4 5 707 513
4 11 871 410
7 8 711 380
9 11 184 129
10 16 748 606
7 15 498 170
4 12 880 955
4 7 453 198
1 8 850 567
3 7 395 400
8 13 809 889
9 14 388 859
11 16 607 818
6 12 765 406
9 13 421 113
3 16 12 520
5 7 488 769
1 15 425 67
8 9 503 941
4 6 428 888
8 14 648 834
5 8 367 735
13 14 9 382
11 13 798 675
3 10 363 663
5 16 314 286
12 16 942 910
