16 104
4 15 200 412
11 12 505 296
4 10 209 507
10 12 464 368
9 13 605 217
4 14 154 677
12 16 677 202
1 12 208 579
10 14 212 365
5 11 383 358
12 15 246 856
1 16 450 865
3 4 10 817
6 15 664 761
9 10 20 570
2 6 846 393
5 14 206 804
5 6 632 478
1 9 176 290
10 13 779 12
1 11 443 807
3 10 373 877
8 11 53 459
3 5 804 910
13 16 619 910
8 9 202 477
10 11 358 751
3 11 27 145
4 13 895 919
6 14 115 605
6 8 365 795
3 12 880 882
1 5 658 205
2 10 142 869
1 2 147 769
8 15 227 787
7 13 381 797
1 3 508 707
3 16 252 131
5 10 38 261
6 9 443 126
6 11 851 2
7 10 174 31
11 15 172 24
1 4 914 930
1 15 593 237
1 14 71 116
5 9 418 367
8 14 5 805
8 12 790 880
13 15 976 555
9 16 676 169
4 7 969 140
14 16 254 282
4 5 361 138
9 15 239 719
5 12 384 850
14 15 802 783
10 15 708 783
4 8 260 794
15 16 880 435
2 16 67 148
8 13 935 898
6 10 969 734
2 3 844 191
3 13 222 879
4 12 52 636
2 7 202 689
4 6 320 741
3 9 907 758
1 10 769 90
5 13 965 356
7 12 152 231
4 9 921 481
13 14 626 296
7 8 582 591
3 15 418 815
2 4 727 616
10 16 289 873
3 6 307 487
11 14 277 548
1 7 476 327
2 5 740 100
7 11 31 743
2 9 880 880
9 12 610 988
2 14 915 596
7 15 175 597
6 13 663 465
5 16 721 112
4 16 10 957
6 7 239 357
8 10 773 905
5 7 670 534
7 9 859 513
7 16 151 230
4 11 516 106
7 14 204 912
2 13 186 483
11 16 43 759
12 14 590 904
2 11 444 722
9 11 967 948
1 13 501 35
