16 98
1 3 211 105
4 15 498 274
5 15 224 669
8 10 649 894
9 13 291 131
2 15 901 993
7 10 235 856
8 13 178 674
2 3 523 587
4 14 776 12
5 7 840 434
14 16 694 962
1 11 578 719
7 12 499 399
2 11 447 914
1 10 128 1000
6 11 126 758
10 14 89 802
5 8 862 198
10 13 884 662
3 9 760 962
4 13 400 667
7 8 475 310
12 14 634 212
3 4 401 212
9 10 162 364
1 7 598 315
1 8 341 700
3 8 679 275
6 13 717 93
2 8 101 508
11 16 638 16
6 7 960 190
8 11 668 970
3 10 560 588
13 15 51 787
5 16 254 594
5 12 398 157
2 12 695 591
2 10 968 65
9 14 84 955
15 16 819 416
1 4 486 309
2 14 992 449
3 14 748 606
11 13 569 891
4 16 273 778
5 11 466 699
6 15 86 957
2 5 936 257
3 15 344 476
8 15 485 64
8 16 47 915
12 15 354 280
4 10 641 838
13 16 348 113
8 9 100 839
4 9 703 411
7 15 88 784
5 10 976 370
6 8 309 212
7 9 454 763
10 15 137 634
9 15 848 257
1 2 74 216
3 13 885 454
10 11 204 120
12 16 323 644
1 6 205 104
3 11 93 621
3 5 32 975
6 16 693 88
5 9 523 243
2 13 672 948
4 8 979 673
4 6 244 823
4 11 599 981
8 12 211 638
1 12 216 307
7 13 275 642
4 5 206 12
9 12 727 437
2 16 37 282
13 14 286 506
3 7 79 881
6 14 127 591
2 9 964 350
4 12 75 326
1 14 856 255
11 15 446 587
4 7 947 190
11 14 575 406
7 11 480 422
7 14 252 641
1 5 148 834
3 6 536 61
12 13 884 539
6 9 97 835
